197;Eddie Fleming;13/01/2006;01:30:32;Yappa;plane boon code through are rabbit;6;OPEN;